Inorder
2, 3, 4, 9, 11, 12, 14, 19, 23, 24, 25, 26, 28, 29, 31, 32, 35, 37, 39, 40, 41, 43, 46, 47, 48, 50, 52, 53, 54, 59, 62, 63, 67, 70, 73, 74, 79, 82, 83, 85, 88, 90, 91, 97, 99, 100, 
 
Preorder
53, 32, 26, 12, 2, 3, 11, 9, 4, 19, 14, 23, 25, 24, 29, 28, 31, 48, 35, 40, 37, 39, 47, 46, 43, 41, 52, 50, 91, 73, 67, 54, 63, 59, 62, 70, 82, 74, 79, 90, 85, 83, 88, 100, 97, 99, 
 
Postorder
4, 9, 11, 3, 2, 14, 24, 25, 23, 19, 12, 28, 31, 29, 26, 39, 37, 41, 43, 46, 47, 40, 35, 50, 52, 48, 32, 62, 59, 63, 54, 70, 67, 79, 74, 83, 88, 85, 90, 82, 73, 99, 97, 100, 91, 53, 
 
Tree Height: 9
Number of Nodes: 75049702
Number of Leafs: 14
Smallest Number: 2
Largest Number: 100
